x	y
0,280	5,179e-6
0,772	5,006e-6
1,249	4,950e-6
1,727	4,871e-6
2,204	4,799e-6
2,681	4,767e-6
3,159	4,667e-6
3,756	4,580e-6
4,293	4,464e-6
4,830	4,420e-6
5,427	4,340e-6
5,904	4,252e-6
6,543	4,181e-6
7,088	4,091e-6
7,695	4,008e-6
8,174	3,917e-6
8,650	3,887e-6
9,127	3,826e-6
9,605	3,801e-6
10,082	3,739e-6
10,560	3,634e-6
11,037	3,582e-6
11,515	3,488e-6
11,992	3,447e-6
12,469	3,397e-6
12,947	3,343e-6
13,478	3,266e-6
13,902	3,252e-6
14,379	3,177e-6
14,857	3,120e-6
15,359	3,037e-6
15,931	3,009e-6
16,408	2,948e-6
17,005	2,891e-6
17,602	2,829e-6
18,199	2,762e-6
18,796	2,701e-6
19,273	2,646e-6
19,870	2,587e-6
20,467	2,530e-6
21,064	2,475e-6
21,541	2,419e-6
22,110	2,379e-6
22,700	2,326e-6
23,277	2,270e-6
23,809	2,222e-6
24,287	2,175e-6
24,764	2,143e-6
25,242	2,098e-6
25,719	2,060e-6
26,316	2,014e-6
26,913	1,969e-6
27,509	1,914e-6
27,987	1,882e-6
28,584	1,837e-6
29,181	1,790e-6
29,658	1,757e-6
30,136	1,720e-6
30,613	1,686e-6
31,074	1,640e-6
31,453	1,615e-6
32,115	1,579e-6
32,583	1,562e-6
33,060	1,527e-6
33,537	1,492e-6
34,015	1,459e-6
34,492	1,426e-6
35,030	1,395e-6
35,567	1,363e-6
36,104	1,333e-6
36,701	1,303e-6
37,178	1,274e-6
37,775	1,245e-6
38,252	1,218e-6
38,790	1,190e-6
39,267	1,164e-6
39,744	1,138e-6
40,282	1,112e-6
40,878	1,087e-6
41,356	1,063e-6
41,833	1,039e-6
42,430	1,016e-6
42,967	9,933e-7
43,445	9,711e-7
43,922	9,494e-7
44,400	9,281e-7
44,937	9,074e-7
45,414	8,871e-7
46,011	8,672e-7
46,548	8,478e-7
47,026	8,289e-7
47,563	8,103e-7
48,040	7,922e-7
48,518	7,745e-7
48,995	7,572e-7
49,473	7,402e-7
49,950	7,237e-7
50,487	7,075e-7
51,024	6,917e-7
51,502	6,762e-7
52,039	6,611e-7
52,517	6,463e-7
52,994	6,318e-7
53,471	6,177e-7
53,949	6,039e-7
54,426	5,904e-7
54,964	5,772e-7
55,441	5,643e-7
55,918	5,516e-7
56,456	5,393e-7
56,933	5,272e-7
57,411	5,154e-7
57,888	5,039e-7
58,365	4,926e-7
58,843	4,816e-7
59,320	4,709e-7
59,798	4,603e-7
60,335	4,500e-7
60,812	4,400e-7
61,290	4,301e-7
61,767	4,205e-7
62,245	4,111e-7
62,722	4,019e-7
63,259	3,929e-7
63,737	3,841e-7
64,214	3,755e-7
64,692	3,671e-7
65,169	3,589e-7
65,647	3,509e-7
66,244	3,422e-7
66,721	3,321e-7
67,199	3,240e-7
67,676	3,169e-7
68,153	3,098e-7
68,631	3,030e-7
69,108	2,980e-7
69,586	2,928e-7
70,063	2,860e-7
70,541	2,772e-7
71,018	2,681e-7
71,555	2,615e-7
72,092	2,556e-7
72,630	2,499e-7
73,167	2,443e-7
73,644	2,389e-7
74,122	2,335e-7
74,719	2,264e-7
75,196	2,190e-7
75,733	2,133e-7
76,211	2,086e-7
76,748	2,039e-7
77,225	1,993e-7
77,703	1,949e-7
78,180	1,905e-7
78,658	1,863e-7
