x	y
0,026	1,073e-4
0,287	1,062e-4
0,737	1,014e-4
1,010	9,778e-5
1,557	9,258e-5
2,037	8,796e-5
2,470	8,367e-5
3,037	7,965e-5
3,464	7,564e-5
3,948	7,177e-5
4,394	6,856e-5
4,949	6,492e-5
5,376	6,161e-5
5,904	5,823e-5
6,429	5,478e-5
6,976	5,190e-5
7,406	4,919e-5
7,934	4,646e-5
8,411	4,429e-5
8,806	4,186e-5
9,366	3,963e-5
9,789	3,746e-5
10,321	3,538e-5
10,744	3,345e-5
11,343	3,116e-5
11,911	2,899e-5
12,452	2,745e-5
12,828	2,581e-5
13,370	2,442e-5
13,902	2,297e-5
14,260	2,159e-5
14,794	2,037e-5
15,374	1,889e-5
15,877	1,777e-5
16,350	1,678e-5
16,767	1,603e-5
17,244	1,497e-5
17,602	1,402e-5
18,080	1,341e-5
18,480	1,260e-5
18,966	1,181e-5
19,452	1,105e-5
19,930	1,036e-5
20,429	9,680e-6
20,883	9,017e-6
21,383	8,490e-6
21,873	7,902e-6
22,321	7,358e-6
22,795	6,884e-6
23,260	6,411e-6
23,690	6,056e-6
24,048	5,682e-6
24,455	5,356e-6
24,915	4,974e-6
25,301	4,695e-6
25,767	4,369e-6
26,196	4,126e-6
26,618	3,817e-6
27,057	3,547e-6
27,456	3,330e-6
27,822	3,128e-6
28,276	2,907e-6
28,667	2,725e-6
29,037	2,554e-6
29,462	2,367e-6
29,837	2,192e-6
30,445	2,024e-6
30,775	1,950e-6
31,046	1,774e-6
31,217	1,702e-6
31,429	1,660e-6
31,628	1,544e-6
31,849	1,539e-6
31,986	1,443e-6
32,266	1,425e-6
32,344	1,348e-6
32,393	1,386e-6
32,635	1,331e-6
32,705	1,260e-6
32,938	1,287e-6
32,980	1,240e-6
33,082	1,180e-6
33,309	1,153e-6
33,661	1,076e-6
33,997	1,001e-6
34,397	9,209e-7
34,739	8,594e-7
35,074	7,981e-7
35,452	7,312e-7
35,787	6,825e-7
36,170	6,250e-7
36,548	5,756e-7
36,860	5,315e-7
37,234	4,854e-7
37,593	4,445e-7
37,956	4,069e-7
38,313	3,712e-7
38,662	3,384e-7
39,059	3,064e-7
39,406	2,773e-7
39,727	2,521e-7
40,029	2,335e-7
40,341	2,105e-7
40,703	1,881e-7
41,052	1,682e-7
41,341	1,554e-7
41,599	1,388e-7
41,874	1,278e-7
42,128	1,171e-7
42,376	1,071e-7
42,621	9,775e-8
42,901	8,829e-8
43,140	7,885e-8
43,412	7,203e-8
43,616	6,580e-8
43,853	5,876e-8
44,161	5,329e-8
44,340	4,602e-8
44,400	4,233e-8
44,705	3,911e-8
44,925	3,526e-8
45,115	3,159e-8
45,304	2,846e-8
45,450	2,603e-8
45,580	2,332e-8
45,749	2,133e-8
45,896	1,940e-8
46,055	1,769e-8
46,176	1,605e-8
46,319	1,438e-8
46,411	1,309e-8
46,538	1,173e-8
46,672	1,050e-8
46,809	9,405e-9
46,963	8,591e-9
47,078	7,672e-9
47,167	7,008e-9
47,205	6,402e-9
47,338	5,718e-9
47,387	5,188e-9
47,481	4,664e-9
47,570	4,127e-9
47,631	3,720e-9
47,722	3,322e-9
47,775	3,035e-9
47,870	2,772e-9
47,948	2,529e-9
48,040	2,262e-9
48,133	2,020e-9
48,164	1,845e-9
48,174	1,685e-9
48,202	1,505e-9
48,249	1,375e-9
48,284	1,256e-9
48,293	1,134e-9
48,297	1,036e-9
48,312	9,360e-10
48,376	8,359e-10
48,405	6,090e-10
48,414	6,819e-10
48,417	7,550e-10
48,444	5,563e-10
48,510	5,082e-10
48,523	4,488e-10
48,541	4,053e-10
48,558	3,703e-10
48,592	3,382e-10
48,655	2,698e-10
48,655	3,000e-10
48,675	2,464e-10
48,687	2,251e-10
48,708	2,056e-10
48,770	1,878e-10
48,771	1,716e-10
48,794	1,567e-10
48,805	1,432e-10
48,810	1,308e-10
48,860	1,067e-10
48,874	1,168e-10
49,457	1,067e-10
49,461	1,181e-10
49,467	1,293e-10
49,529	1,416e-10
49,567	1,567e-10
49,592	1,735e-10
49,614	1,965e-10
49,676	2,151e-10
49,711	2,409e-10
49,738	2,698e-10
49,754	2,953e-10
49,819	3,269e-10
49,844	3,620e-10
49,863	3,963e-10
49,889	4,354e-10
49,957	4,968e-10
49,997	5,563e-10
50,008	6,090e-10
50,048	6,667e-10
50,101	7,298e-10
50,134	7,990e-10
50,182	8,746e-10
50,268	9,793e-10
50,316	1,097e-9
50,396	1,200e-9
50,445	1,314e-9
50,527	1,455e-9
50,578	1,611e-9
50,651	1,763e-9
50,689	1,930e-9
50,766	2,113e-9
50,820	2,366e-9
50,910	2,650e-9
50,942	2,901e-9
51,019	3,175e-9
51,073	3,556e-9
51,221	3,981e-9
51,349	4,344e-9
51,477	4,825e-9
51,597	5,282e-9
51,720	5,848e-9
51,829	6,402e-9
51,973	7,169e-9
52,082	7,848e-9
52,275	8,689e-9
52,494	9,840e-9
52,684	1,077e-8
52,879	1,193e-8
53,091	1,340e-8
53,314	1,478e-8
53,560	1,619e-8
53,792	1,772e-8
54,037	1,927e-8
54,306	2,099e-8
54,622	2,324e-8
54,949	2,495e-8
55,275	2,751e-8
55,572	2,981e-8
55,970	3,229e-8
56,306	3,476e-8
56,650	3,718e-8
57,022	3,978e-8
57,421	4,229e-8
57,869	4,551e-8
58,354	4,851e-8
58,858	5,178e-8
59,261	5,478e-8
59,738	5,745e-8
60,295	6,048e-8
60,812	6,337e-8
61,409	6,662e-8
61,946	6,944e-8
62,484	7,183e-8
62,961	7,388e-8
63,438	7,598e-8
63,916	7,790e-8
64,513	7,987e-8
64,990	8,166e-8
65,577	8,348e-8
66,065	8,473e-8
66,542	8,612e-8
67,019	8,660e-8
67,557	8,819e-8
68,034	8,829e-8
68,571	8,888e-8
69,108	8,971e-8
69,646	9,031e-8
70,183	9,051e-8
70,660	9,051e-8
71,138	9,051e-8
71,615	9,051e-8
72,092	9,051e-8
72,570	9,021e-8
73,047	8,959e-8
73,585	8,878e-8
74,122	8,829e-8
74,599	8,829e-8
75,196	8,725e-8
75,673	8,632e-8
76,211	8,591e-8
76,807	8,425e-8
77,348	8,381e-8
77,882	8,207e-8
78,359	8,138e-8
78,837	8,001e-8
